# object name: SOLAR_PANEL+Z
-3.141593 -1.570796 1.000000
-2.879793 -1.570796 1.000000
-2.617994 -1.570796 1.000000
-2.356194 -1.570796 1.000000
-2.094395 -1.570796 1.000000
-1.832596 -1.570796 1.000000
-1.570796 -1.570796 1.000000
-1.308997 -1.570796 1.000000
-1.047198 -1.570796 1.000000
-0.785398 -1.570796 1.000000
-0.523599 -1.570796 1.000000
-0.261799 -1.570796 1.000000
0.000000 -1.570796 1.000000
0.261799 -1.570796 1.000000
0.523599 -1.570796 1.000000
0.785398 -1.570796 1.000000
1.047198 -1.570796 1.000000
1.308997 -1.570796 1.000000
1.570796 -1.570796 1.000000
1.832596 -1.570796 1.000000
2.094395 -1.570796 1.000000
2.356194 -1.570796 1.000000
2.617994 -1.570796 1.000000
2.879793 -1.570796 1.000000
3.141593 -1.570796 1.000000

-3.141593 -1.308997 1.000000
-2.879793 -1.308997 1.000000
-2.617994 -1.308997 1.000000
-2.356194 -1.308997 1.000000
-2.094395 -1.308997 1.000000
-1.832596 -1.308997 1.000000
-1.570796 -1.308997 1.000000
-1.308997 -1.308997 1.000000
-1.047198 -1.308997 1.000000
-0.785398 -1.308997 1.000000
-0.523599 -1.308997 1.000000
-0.261799 -1.308997 1.000000
0.000000 -1.308997 1.000000
0.261799 -1.308997 0.757576
0.523599 -1.308997 0.595238
0.785398 -1.308997 0.488889
1.047198 -1.308997 0.433962
1.308997 -1.308997 0.403846
1.570796 -1.308997 0.250000
1.832596 -1.308997 0.403846
2.094395 -1.308997 0.433962
2.356194 -1.308997 0.488889
2.617994 -1.308997 0.595238
2.879793 -1.308997 0.757576
3.141593 -1.308997 1.000000

-3.141593 -1.047198 1.000000
-2.879793 -1.047198 1.000000
-2.617994 -1.047198 1.000000
-2.356194 -1.047198 1.000000
-2.094395 -1.047198 1.000000
-1.832596 -1.047198 1.000000
-1.570796 -1.047198 1.000000
-1.308997 -1.047198 1.000000
-1.047198 -1.047198 1.000000
-0.785398 -1.047198 1.000000
-0.523599 -1.047198 1.000000
-0.261799 -1.047198 1.000000
0.000000 -1.047198 1.000000
0.261799 -1.047198 0.609756
0.523599 -1.047198 0.431034
0.785398 -1.047198 0.376812
1.047198 -1.047198 0.307692
1.308997 -1.047198 0.214286
1.570796 -1.047198 0.000000
1.832596 -1.047198 0.214286
2.094395 -1.047198 0.307692
2.356194 -1.047198 0.376812
2.617994 -1.047198 0.431034
2.879793 -1.047198 0.609756
3.141593 -1.047198 1.000000

-3.141593 -0.785398 1.000000
-2.879793 -0.785398 1.000000
-2.617994 -0.785398 1.000000
-2.356194 -0.785398 1.000000
-2.094395 -0.785398 1.000000
-1.832596 -0.785398 1.000000
-1.570796 -0.785398 1.000000
-1.308997 -0.785398 1.000000
-1.047198 -0.785398 1.000000
-0.785398 -0.785398 1.000000
-0.523599 -0.785398 1.000000
-0.261799 -0.785398 1.000000
0.000000 -0.785398 1.000000
0.261799 -0.785398 0.521739
0.523599 -0.785398 0.371429
0.785398 -0.785398 0.273810
1.047198 -0.785398 0.171717
1.308997 -0.785398 0.138889
1.570796 -0.785398 0.000000
1.832596 -0.785398 0.138889
2.094395 -0.785398 0.171717
2.356194 -0.785398 0.273810
2.617994 -0.785398 0.371429
2.879793 -0.785398 0.521739
3.141593 -0.785398 1.000000

-3.141593 -0.523599 1.000000
-2.879793 -0.523599 1.000000
-2.617994 -0.523599 1.000000
-2.356194 -0.523599 1.000000
-2.094395 -0.523599 1.000000
-1.832596 -0.523599 1.000000
-1.570796 -0.523599 1.000000
-1.308997 -0.523599 1.000000
-1.047198 -0.523599 1.000000
-0.785398 -0.523599 1.000000
-0.523599 -0.523599 1.000000
-0.261799 -0.523599 1.000000
0.000000 -0.523599 1.000000
0.261799 -0.523599 0.420000
0.523599 -0.523599 0.282051
0.785398 -0.523599 0.208333
1.047198 -0.523599 0.155172
1.308997 -0.523599 0.088710
1.570796 -0.523599 0.000000
1.832596 -0.523599 0.088710
2.094395 -0.523599 0.155172
2.356194 -0.523599 0.208333
2.617994 -0.523599 0.282051
2.879793 -0.523599 0.420000
3.141593 -0.523599 1.000000

-3.141593 -0.261799 1.000000
-2.879793 -0.261799 1.000000
-2.617994 -0.261799 1.000000
-2.356194 -0.261799 1.000000
-2.094395 -0.261799 1.000000
-1.832596 -0.261799 1.000000
-1.570796 -0.261799 1.000000
-1.308997 -0.261799 1.000000
-1.047198 -0.261799 1.000000
-0.785398 -0.261799 1.000000
-0.523599 -0.261799 1.000000
-0.261799 -0.261799 1.000000
0.000000 -0.261799 1.000000
0.261799 -0.261799 0.265306
0.523599 -0.261799 0.228916
0.785398 -0.261799 0.166667
1.047198 -0.261799 0.134921
1.308997 -0.261799 0.000000
1.570796 -0.261799 0.000000
1.832596 -0.261799 0.000000
2.094395 -0.261799 0.134921
2.356194 -0.261799 0.166667
2.617994 -0.261799 0.228916
2.879793 -0.261799 0.265306
3.141593 -0.261799 1.000000

-3.141593 0.000000 1.000000
-2.879793 0.000000 1.000000
-2.617994 0.000000 1.000000
-2.356194 0.000000 1.000000
-2.094395 0.000000 1.000000
-1.832596 0.000000 1.000000
-1.570796 0.000000 1.000000
-1.308997 0.000000 1.000000
-1.047198 0.000000 1.000000
-0.785398 0.000000 1.000000
-0.523599 0.000000 1.000000
-0.261799 0.000000 1.000000
0.000000 0.000000 1.000000
0.261799 0.000000 0.244898
0.523599 0.000000 0.139535
0.785398 0.000000 0.000000
1.047198 0.000000 0.000000
1.308997 0.000000 0.000000
1.570796 0.000000 0.000000
1.832596 0.000000 0.000000
2.094395 0.000000 0.000000
2.356194 0.000000 0.000000
2.617994 0.000000 0.139535
2.879793 0.000000 0.244898
3.141593 0.000000 1.000000

-3.141593 0.261799 0.785714
-2.879793 0.261799 0.938776
-2.617994 0.261799 0.939759
-2.356194 0.261799 0.960784
-2.094395 0.261799 0.968254
-1.832596 0.261799 1.000000
-1.570796 0.261799 1.000000
-1.308997 0.261799 1.000000
-1.047198 0.261799 0.968254
-0.785398 0.261799 0.960784
-0.523599 0.261799 0.939759
-0.261799 0.261799 0.938776
0.000000 0.261799 0.785714
0.261799 0.261799 0.207547
0.523599 0.261799 0.141176
0.785398 0.261799 0.103774
1.047198 0.261799 0.063492
1.308997 0.261799 0.000000
1.570796 0.261799 0.000000
1.832596 0.261799 0.000000
2.094395 0.261799 0.063492
2.356194 0.261799 0.103774
2.617994 0.261799 0.141176
2.879793 0.261799 0.207547
3.141593 0.261799 0.785714

-3.141593 0.523599 0.625000
-2.879793 0.523599 0.840000
-2.617994 0.523599 0.923077
-2.356194 0.523599 0.947917
-2.094395 0.523599 0.939655
-1.832596 0.523599 0.951613
-1.570796 0.523599 1.000000
-1.308997 0.523599 0.951613
-1.047198 0.523599 0.939655
-0.785398 0.523599 0.947917
-0.523599 0.523599 0.923077
-0.261799 0.523599 0.840000
0.000000 0.523599 0.625000
0.261799 0.523599 0.180000
0.523599 0.523599 0.123457
0.785398 0.523599 0.090909
1.047198 0.523599 0.076271
1.308997 0.523599 0.000000
1.570796 0.523599 0.000000
1.832596 0.523599 0.000000
2.094395 0.523599 0.076271
2.356194 0.523599 0.090909
2.617994 0.523599 0.123457
2.879793 0.523599 0.180000
3.141593 0.523599 0.625000

-3.141593 0.785398 0.470588
-2.879793 0.785398 0.717391
-2.617994 0.785398 0.842857
-2.356194 0.785398 0.892857
-2.094395 0.785398 0.909091
-1.832596 0.785398 0.925926
-1.570796 0.785398 1.000000
-1.308997 0.785398 0.925926
-1.047198 0.785398 0.909091
-0.785398 0.785398 0.892857
-0.523599 0.785398 0.842857
-0.261799 0.785398 0.717391
0.000000 0.785398 0.470588
0.261799 0.785398 0.163265
0.523599 0.785398 0.123288
0.785398 0.785398 0.090909
1.047198 0.785398 0.000000
1.308997 0.785398 0.018182
1.570796 0.785398 0.000000
1.832596 0.785398 0.018182
2.094395 0.785398 0.000000
2.356194 0.785398 0.090909
2.617994 0.785398 0.123288
2.879793 0.785398 0.163265
3.141593 0.785398 0.470588

-3.141593 1.047198 0.352941
-2.879793 1.047198 0.585366
-2.617994 1.047198 0.741379
-2.356194 1.047198 0.782609
-2.094395 1.047198 0.820513
-1.832596 1.047198 0.857143
-1.570796 1.047198 1.000000
-1.308997 1.047198 0.857143
-1.047198 1.047198 0.820513
-0.785398 1.047198 0.782609
-0.523599 1.047198 0.741379
-0.261799 1.047198 0.585366
0.000000 1.047198 0.352941
0.261799 1.047198 0.155556
0.523599 1.047198 0.126984
0.785398 1.047198 0.084507
1.047198 1.047198 0.050000
1.308997 1.047198 0.000000
1.570796 1.047198 0.000000
1.832596 1.047198 0.000000
2.094395 1.047198 0.050000
2.356194 1.047198 0.084507
2.617994 1.047198 0.126984
2.879793 1.047198 0.155556
3.141593 1.047198 0.352941

-3.141593 1.308997 0.200000
-2.879793 1.308997 0.393939
-2.617994 1.308997 0.571429
-2.356194 1.308997 0.600000
-2.094395 1.308997 0.641509
-1.832596 1.308997 0.673077
-1.570796 1.308997 0.750000
-1.308997 1.308997 0.673077
-1.047198 1.308997 0.641509
-0.785398 1.308997 0.600000
-0.523599 1.308997 0.571429
-0.261799 1.308997 0.393939
0.000000 1.308997 0.200000
0.261799 1.308997 0.088235
0.523599 1.308997 0.088889
0.785398 1.308997 0.041667
1.047198 1.308997 0.035088
1.308997 1.308997 0.000000
1.570796 1.308997 0.000000
1.832596 1.308997 0.000000
2.094395 1.308997 0.035088
2.356194 1.308997 0.041667
2.617994 1.308997 0.088889
2.879793 1.308997 0.088235
3.141593 1.308997 0.200000

-3.141593 1.570796 0.000000
-2.879793 1.570796 0.000000
-2.617994 1.570796 0.000000
-2.356194 1.570796 0.000000
-2.094395 1.570796 0.000000
-1.832596 1.570796 0.000000
-1.570796 1.570796 0.000000
-1.308997 1.570796 0.000000
-1.047198 1.570796 0.000000
-0.785398 1.570796 0.000000
-0.523599 1.570796 0.000000
-0.261799 1.570796 0.000000
0.000000 1.570796 0.000000
0.261799 1.570796 0.000000
0.523599 1.570796 0.000000
0.785398 1.570796 0.000000
1.047198 1.570796 0.000000
1.308997 1.570796 0.000000
1.570796 1.570796 0.000000
1.832596 1.570796 0.000000
2.094395 1.570796 0.000000
2.356194 1.570796 0.000000
2.617994 1.570796 0.000000
2.879793 1.570796 0.000000
3.141593 1.570796 0.000000

