#_______________________________________________________________________________
#    ######   ####     ##             #####   #####     ##    #    #    ##
#    #       #        #  #            #    #  #    #   #  #   ##  ##   #  #
#    #####    ####   ######           #    #  #####   ######  # ## #  ######
#    #            #  #    #           #    #  #    #  #    #  #    #  #    #
#____######__#####___#____#___________#####___#____#__#____#__#____#__#____#____
#
#              ESA Debris Risk Assessment and Mitigation Analysis
#
#                      ---- DRAMA ( SESAM 2.3.0 ) ----
#                                      ESA 2018 
#
#                              trajectory history file
#-------------------------------------------------------------------------------
# Filename      : PySara.Structure.a8639e99-0008-45a4-b2da-5ab048880d15_Trajectory.txt
# RunID         : PySara
# ObjectID      : a8639e99-0008-45a4-b2da-5ab048880d15
# ObjectName    : Structure
# Content       : This file contains the trajectory state data of the object,
#                 computed by the DRAMA 3 Re-entry Analysis.
# Documentation : DRAMA Software User Manual, section OPERATIONS MANUAL / Normal operation / SARA / SARA Simulation Output / Re-entry simulation output
#
#--------------------------------------------------------------------------------------------------------------------------------------------------------------------------------------------------------------------------------
#  Time [s]  Altitude [km]  Lat [deg]  Lon [deg]  Velocity [km/s]   Downrange [km]       Drag       Lift       Side    Knudsen       Mach  Flight Path [deg]  Heading [deg]  Density [kg/m^2]  DynPressure [Pa]   Load Factor [g]
#--------------------------------------------------------------------------------------------------------------------------------------------------------------------------------------------------------------------------------
  1291.200          97.456    -40.935    -66.349            7.790        10057.037      2.951      0.000      0.000    0.51973   27.93734           -0.48856      193.78513         8.910e-07         2.704e+01         9.565e-02 
  1291.300          97.450    -40.941    -66.351            7.790        10057.806      2.951      0.000      0.000    0.51919   27.93782           -0.48880      193.78600         8.920e-07         2.706e+01         9.573e-02 
  1291.750          97.420    -40.971    -66.361            7.790        10061.266      2.949      0.000      0.000    0.51666   27.94004           -0.48987      193.78991         8.964e-07         2.720e+01         9.614e-02 
  1292.750          97.353    -41.039    -66.383            7.789        10068.954      2.945      0.000      0.000    0.51090   27.94506           -0.49225      193.79865         9.066e-07         2.750e+01         9.708e-02 
  1293.750          97.286    -41.106    -66.405            7.788        10076.642      2.940      0.000      0.000    0.50476   27.95041           -0.49465      193.80741         9.178e-07         2.783e+01         9.810e-02 
  1294.750          97.219    -41.173    -66.427            7.787        10084.328      2.936      0.000      0.000    0.49866   27.95563           -0.49707      193.81621         9.292e-07         2.817e+01         9.914e-02 
  1295.750          97.151    -41.240    -66.448            7.786        10092.013      2.931      0.000      0.000    0.49260   27.96079           -0.49950      193.82505         9.408e-07         2.852e+01         1.002e-01 
  1296.750          97.083    -41.307    -66.470            7.785        10099.698      2.926      0.000      0.000    0.48659   27.96588           -0.50195      193.83392         9.525e-07         2.887e+01         1.012e-01 
  1297.750          97.015    -41.374    -66.492            7.784        10107.382      2.921      0.000      0.000    0.48063   27.97086           -0.50442      193.84282         9.645e-07         2.922e+01         1.023e-01 
  1298.750          96.946    -41.441    -66.514            7.783        10115.065      2.916      0.000      0.000    0.47471   27.97576           -0.50691      193.85175         9.767e-07         2.958e+01         1.034e-01 
  1299.750          96.877    -41.508    -66.536            7.782        10122.746      2.911      0.000      0.000    0.46884   27.98058           -0.50941      193.86072         9.890e-07         2.995e+01         1.045e-01 
  1300.750          96.807    -41.575    -66.558            7.781        10130.427      2.906      0.000      0.000    0.46301   27.98531           -0.51194      193.86973         1.002e-06         3.033e+01         1.056e-01 
  1301.750          96.738    -41.642    -66.580            7.780        10138.107      2.901      0.000      0.000    0.45723   27.98993           -0.51448      193.87877         1.014e-06         3.071e+01         1.068e-01 
  1302.750          96.668    -41.709    -66.602            7.780        10145.786      2.895      0.000      0.000    0.45150   27.99448           -0.51704      193.88784         1.027e-06         3.109e+01         1.079e-01 
  1303.750          96.597    -41.776    -66.624            7.779        10153.464      2.890      0.000      0.000    0.44581   27.99894           -0.51962      193.89695         1.041e-06         3.149e+01         1.091e-01 
  1304.750          96.527    -41.843    -66.646            7.778        10161.142      2.884      0.000      0.000    0.44017   28.00327           -0.52222      193.90609         1.054e-06         3.189e+01         1.102e-01 
  1305.750          96.456    -41.910    -66.669            7.777        10168.818      2.878      0.000      0.000    0.43457   28.00753           -0.52483      193.91527         1.068e-06         3.229e+01         1.114e-01 
  1306.750          96.384    -41.977    -66.691            7.776        10176.493      2.872      0.000      0.000    0.42902   28.01170           -0.52747      193.92449         1.082e-06         3.271e+01         1.126e-01 
  1307.750          96.312    -42.044    -66.713            7.774        10184.167      2.867      0.000      0.000    0.42352   28.01575           -0.53013      193.93374         1.096e-06         3.313e+01         1.138e-01 
  1308.750          96.240    -42.110    -66.735            7.773        10191.840      2.861      0.000      0.000    0.41806   28.01970           -0.53280      193.94302         1.111e-06         3.356e+01         1.151e-01 
  1309.750          96.168    -42.177    -66.758            7.772        10199.512      2.854      0.000      0.000    0.41265   28.02356           -0.53550      193.95234         1.125e-06         3.399e+01         1.163e-01 
  1310.750          96.095    -42.244    -66.780            7.771        10207.183      2.848      0.000      0.000    0.40729   28.02733           -0.53822      193.96170         1.140e-06         3.444e+01         1.176e-01 
  1311.750          96.022    -42.311    -66.803            7.770        10214.853      2.842      0.000      0.000    0.40197   28.03096           -0.54095      193.97109         1.156e-06         3.489e+01         1.189e-01 
  1312.750          95.948    -42.378    -66.825            7.769        10222.522      2.836      0.000      0.000    0.39669   28.03449           -0.54371      193.98051         1.171e-06         3.535e+01         1.201e-01 
  1313.750          95.874    -42.445    -66.847            7.768        10230.189      2.829      0.000      0.000    0.39146   28.03793           -0.54649      193.98998         1.187e-06         3.582e+01         1.215e-01 
  1314.750          95.800    -42.512    -66.870            7.767        10237.856      2.822      0.000      0.000    0.38628   28.04125           -0.54929      193.99948         1.203e-06         3.629e+01         1.228e-01 
  1315.750          95.725    -42.579    -66.892            7.766        10245.522      2.816      0.000      0.000    0.38114   28.04444           -0.55211      194.00901         1.220e-06         3.678e+01         1.241e-01 
  1316.750          95.650    -42.645    -66.915            7.765        10253.186      2.809      0.000      0.000    0.37604   28.04753           -0.55496      194.01859         1.236e-06         3.727e+01         1.255e-01 
  1317.750          95.575    -42.712    -66.938            7.764        10260.849      2.802      0.000      0.000    0.37099   28.05052           -0.55782      194.02819         1.253e-06         3.777e+01         1.269e-01 
  1318.750          95.499    -42.779    -66.960            7.762        10268.512      2.795      0.000      0.000    0.36598   28.05338           -0.56071      194.03784         1.271e-06         3.828e+01         1.283e-01 
  1319.750          95.423    -42.846    -66.983            7.761        10276.173      2.788      0.000      0.000    0.36102   28.05611           -0.56362      194.04752         1.288e-06         3.880e+01         1.297e-01 
  1320.750          95.347    -42.912    -67.006            7.760        10283.832      2.781      0.000      0.000    0.35610   28.05872           -0.56655      194.05724         1.306e-06         3.933e+01         1.311e-01 
  1321.750          95.270    -42.979    -67.029            7.759        10291.491      2.773      0.000      0.000    0.35122   28.06122           -0.56951      194.06700         1.325e-06         3.987e+01         1.325e-01 
  1322.750          95.192    -43.046    -67.051            7.758        10299.149      2.766      0.000      0.000    0.34639   28.06361           -0.57248      194.07679         1.343e-06         4.042e+01         1.340e-01 
  1323.750          95.115    -43.113    -67.074            7.756        10306.805      2.758      0.000      0.000    0.34159   28.06584           -0.57549      194.08662         1.362e-06         4.098e+01         1.355e-01 
  1324.750          95.037    -43.179    -67.097            7.755        10314.460      2.751      0.000      0.000    0.33684   28.06794           -0.57851      194.09649         1.382e-06         4.155e+01         1.370e-01 
  1325.750          94.958    -43.246    -67.120            7.754        10322.114      2.743      0.000      0.000    0.33213   28.06993           -0.58156      194.10640         1.401e-06         4.213e+01         1.385e-01 
  1326.750          94.879    -43.313    -67.143            7.753        10329.766      2.735      0.000      0.000    0.32745   28.07179           -0.58463      194.11634         1.422e-06         4.273e+01         1.401e-01 
  1327.750          94.800    -43.379    -67.166            7.751        10337.418      2.727      0.000      0.000    0.32282   28.07351           -0.58773      194.12632         1.442e-06         4.333e+01         1.417e-01 
  1328.750          94.720    -43.446    -67.189            7.750        10345.068      2.719      0.000      0.000    0.31824   28.07508           -0.59085      194.13634         1.463e-06         4.395e+01         1.432e-01 
  1329.750          94.640    -43.513    -67.212            7.749        10352.717      2.711      0.000      0.000    0.31369   28.07651           -0.59400      194.14640         1.485e-06         4.457e+01         1.449e-01 
  1330.750          94.559    -43.579    -67.235            7.747        10360.364      2.703      0.000      0.000    0.30919   28.07782           -0.59717      194.15649         1.506e-06         4.521e+01         1.465e-01 
  1331.750          94.478    -43.646    -67.258            7.746        10368.010      2.694      0.000      0.000    0.30474   28.07898           -0.60037      194.16663         1.529e-06         4.586e+01         1.481e-01 
  1332.750          94.397    -43.713    -67.281            7.745        10375.655      2.686      0.000      0.000    0.30032   28.08000           -0.60360      194.17680         1.551e-06         4.653e+01         1.498e-01 
  1333.750          94.315    -43.779    -67.305            7.743        10383.299      2.677      0.000      0.000    0.29595   28.08085           -0.60685      194.18701         1.574e-06         4.720e+01         1.515e-01 
  1334.750          94.233    -43.846    -67.328            7.742        10390.941      2.669      0.000      0.000    0.29163   28.08156           -0.61013      194.19726         1.598e-06         4.789e+01         1.532e-01 
  1335.750          94.150    -43.912    -67.351            7.741        10398.581      2.660      0.000      0.000    0.28734   28.08212           -0.61343      194.20755         1.622e-06         4.860e+01         1.550e-01 
  1336.750          94.067    -43.979    -67.374            7.739        10406.221      2.651      0.000      0.000    0.28310   28.08254           -0.61676      194.21788         1.647e-06         4.931e+01         1.567e-01 
  1337.750          93.984    -44.045    -67.398            7.738        10413.859      2.642      0.000      0.000    0.27889   28.08280           -0.62012      194.22824         1.672e-06         5.004e+01         1.585e-01 
  1338.750          93.900    -44.112    -67.421            7.736        10421.495      2.633      0.000      0.000    0.27473   28.08289           -0.62350      194.23865         1.697e-06         5.079e+01         1.603e-01 
  1339.750          93.815    -44.178    -67.445            7.735        10429.130      2.624      0.000      0.000    0.27062   28.08281           -0.62692      194.24909         1.723e-06         5.155e+01         1.621e-01 
  1340.750          93.731    -44.245    -67.468            7.733        10436.764      2.615      0.000      0.000    0.26654   28.08257           -0.63036      194.25958         1.750e-06         5.232e+01         1.640e-01 
  1341.750          93.645    -44.311    -67.492            7.732        10444.396      2.605      0.000      0.000    0.26250   28.08217           -0.63383      194.27010         1.777e-06         5.311e+01         1.659e-01 
  1342.750          93.560    -44.378    -67.515            7.730        10452.026      2.596      0.000      0.000    0.25851   28.08160           -0.63733      194.28067         1.805e-06         5.392e+01         1.678e-01 
  1343.750          93.473    -44.444    -67.539            7.729        10459.656      2.586      0.000      0.000    0.25456   28.08087           -0.64086      194.29127         1.833e-06         5.474e+01         1.697e-01 
  1344.750          93.387    -44.511    -67.562            7.727        10467.283      2.577      0.000      0.000    0.25065   28.07996           -0.64442      194.30191         1.862e-06         5.558e+01         1.717e-01 
  1345.750          93.299    -44.577    -67.586            7.725        10474.909      2.567      0.000      0.000    0.24677   28.07886           -0.64801      194.31260         1.891e-06         5.644e+01         1.736e-01 
  1346.750          93.212    -44.643    -67.610            7.724        10482.534      2.557      0.000      0.000    0.24294   28.07758           -0.65163      194.32332         1.921e-06         5.731e+01         1.757e-01 
  1347.750          93.124    -44.710    -67.634            7.722        10490.156      2.547      0.000      0.000    0.23915   28.07612           -0.65528      194.33409         1.952e-06         5.820e+01         1.777e-01 
  1348.750          93.035    -44.776    -67.657            7.721        10497.778      2.537      0.000      0.000    0.23540   28.07445           -0.65896      194.34489         1.983e-06         5.911e+01         1.809e-01 
  1349.750          92.946    -44.842    -67.681            7.719        10505.397      2.527      0.000      0.000    0.23170   28.07253           -0.66268      194.35574         2.015e-06         6.004e+01         1.846e-01 
  1350.750          92.857    -44.909    -67.705            7.717        10513.015      2.517      0.000      0.000    0.22803   28.07036           -0.66642      194.36662         2.048e-06         6.098e+01         1.883e-01 
  1351.750          92.767    -44.975    -67.729            7.715        10520.632      2.506      0.000      0.000    0.22440   28.06794           -0.67020      194.37755         2.081e-06         6.195e+01         1.922e-01 
  1352.750          92.676    -45.041    -67.753            7.714        10528.246      2.496      0.000      0.000    0.22081   28.06526           -0.67401      194.38852         2.115e-06         6.293e+01         1.963e-01 
  1353.750          92.585    -45.107    -67.777            7.712        10535.859      2.485      0.000      0.000    0.21726   28.06231           -0.67786      194.39953         2.150e-06         6.394e+01         2.005e-01 
  1354.750          92.494    -45.174    -67.801            7.710        10543.470      2.475      0.000      0.000    0.21375   28.05907           -0.68174      194.41058         2.186e-06         6.496e+01         2.048e-01 
  1355.750          92.402    -45.240    -67.825            7.708        10551.079      2.464      0.000      0.000    0.21028   28.05555           -0.68566      194.42167         2.222e-06         6.601e+01         2.093e-01 
  1356.750          92.309    -45.306    -67.849            7.706        10558.686      2.453      0.000      0.000    0.20685   28.05173           -0.68962      194.43280         2.259e-06         6.707e+01         2.140e-01 
  1357.750          92.216    -45.372    -67.873            7.704        10566.291      2.443      0.000      0.000    0.20346   28.04761           -0.69361      194.44397         2.297e-06         6.816e+01         2.189e-01 
  1358.750          92.123    -45.438    -67.898            7.702        10573.894      2.432      0.000      0.000    0.20010   28.04318           -0.69764      194.45519         2.336e-06         6.928e+01         2.239e-01 
  1359.750          92.029    -45.505    -67.922            7.700        10581.495      2.421      0.000      0.000    0.19679   28.03843           -0.70172      194.46644         2.375e-06         7.041e+01         2.292e-01 
  1360.750          91.934    -45.571    -67.946            7.698        10589.094      2.410      0.000      0.000    0.19351   28.03334           -0.70583      194.47774         2.416e-06         7.157e+01         2.346e-01 
  1361.750          91.839    -45.637    -67.970            7.695        10596.691      2.398      0.000      0.000    0.19027   28.02792           -0.70998      194.48908         2.457e-06         7.276e+01         2.403e-01 
  1362.750          91.743    -45.703    -67.995            7.693        10604.285      2.387      0.000      0.000    0.18707   28.02215           -0.71418      194.50046         2.499e-06         7.397e+01         2.463e-01 
  1363.750          91.647    -45.769    -68.019            7.691        10611.878      2.376      0.000      0.000    0.18391   28.01601           -0.71842      194.51188         2.543e-06         7.520e+01         2.525e-01 
  1364.750          91.551    -45.835    -68.044            7.688        10619.468      2.364      0.000      0.000    0.18078   28.00950           -0.72270      194.52335         2.587e-06         7.646e+01         2.590e-01 
  1365.750          91.453    -45.901    -68.068            7.686        10627.055      2.353      0.000      0.000    0.17769   28.00260           -0.72703      194.53485         2.632e-06         7.775e+01         2.657e-01 
  1366.750          91.356    -45.967    -68.093            7.683        10634.641      2.341      0.000      0.000    0.17464   27.99529           -0.73141      194.54640         2.678e-06         7.906e+01         2.728e-01 
  1367.750          91.257    -46.033    -68.117            7.681        10642.223      2.330      0.000      0.000    0.17162   27.98757           -0.73584      194.55799         2.726e-06         8.040e+01         2.803e-01 
  1368.750          91.158    -46.099    -68.142            7.678        10649.803      2.318      0.000      0.000    0.16864   27.97942           -0.74031      194.56962         2.774e-06         8.178e+01         2.880e-01 
  1369.750          91.059    -46.165    -68.166            7.675        10657.381      2.306      0.000      0.000    0.16570   27.97082           -0.74484      194.58129         2.824e-06         8.318e+01         2.962e-01 
  1370.750          90.959    -46.230    -68.191            7.672        10664.955      2.295      0.000      0.000    0.16279   27.96177           -0.74942      194.59300         2.874e-06         8.461e+01         3.048e-01 
