#_______________________________________________________________________________
#    ######   ####     ##             #####   #####     ##    #    #    ## 
#    #       #        #  #            #    #  #    #   #  #   ##  ##   #  #
#    #####    ####   ######           #    #  #####   ######  # ## #  ######
#    #            #  #    #           #    #  #    #  #    #  #    #  #    #
#____######__#####___#____#___________#####___#____#__#____#__#____#__#____#____
#
#              ESA Debris Risk Assessment and Mitigation Analysis
#
#                      ---- DRAMA ( SESAM 2.3.0 ) ----
#                                      ESA 2018
#
#                              aerothermal history file
#-------------------------------------------------------------------------------
# Filename      : PySara.Structure.a8639e99-0008-45a4-b2da-5ab048880d15_AeroThermalHistory.txt
# RunID         : PySara
# ObjectID      : a8639e99-0008-45a4-b2da-5ab048880d15
# ObjectName    : Structure
# ReferenceArea : 0.01 [m^2]
# Content       : This file contains the aerothermal data of the object,
#                 computed by the DRAMA 3 Re-entry Analysis.
# Documentation : DRAMA Software User Manual, section OPERATIONS MANUAL / Normal operation / SARA / SARA Simulation Output / Re-entry simulation output
# Note          : The convective heat and the integrated heat values in this file take into account the visibility factor
#
#------------------------------------------------------------------------------------------------------------------------------------------------------------------------------------
# Time [s]   Altitude [km]   Temp [K]   Mass [kg]  Thick [mm]  Convective Heat [W]  Radiative Heat [W]  Oxidation Heat [W]  Rad Cooling [W]  Integrated Heat [J] VisibilityFactor [-]
#------------------------------------------------------------------------------------------------------------------------------------------------------------------------------------
  1291.200          97.456    332.041       0.211       1.284             1463.434               0.000               0.000          -16.542             6052.452              1.00000 
  1291.300          97.450    332.809       0.211       1.284             1465.154               0.000               0.000          -16.542             6198.967              1.00000 
  1291.750          97.420    336.282       0.211       1.284             1473.147               0.000               0.000          -16.696             6861.883              1.00000 
  1292.750          97.353    344.083       0.211       1.284             1491.647               0.000               0.000          -17.404             8353.531              1.00000 
  1293.750          97.286    351.954       0.211       1.284             1511.724               0.000               0.000          -19.076             9865.255              1.00000 
  1294.750          97.219    359.896       0.211       1.284             1532.227               0.000               0.000          -20.882            11397.481              1.00000 
  1295.750          97.151    367.903       0.211       1.284             1553.165               0.000               0.000          -22.832            12950.646              1.00000 
  1296.750          97.083    375.975       0.211       1.284             1574.546               0.000               0.000          -24.932            14525.193              1.00000 
  1297.750          97.015    384.110       0.211       1.284             1596.378               0.000               0.000          -27.194            16121.570              1.00000 
  1298.750          96.946    392.305       0.211       1.284             1618.668               0.000               0.000          -29.625            17740.238              1.00000 
  1299.750          96.877    400.559       0.211       1.284             1641.426               0.000               0.000          -32.235            19381.664              1.00000 
  1300.750          96.807    408.869       0.211       1.284             1664.658               0.000               0.000          -35.035            21046.322              1.00000 
  1301.750          96.738    417.237       0.211       1.284             1688.373               0.000               0.000          -38.034            22734.695              1.00000 
  1302.750          96.668    425.665       0.211       1.284             1712.581               0.000               0.000          -41.244            24447.277              1.00000 
  1303.750          96.597    434.158       0.211       1.284             1737.290               0.000               0.000          -44.679            26184.567              1.00000 
  1304.750          96.527    442.714       0.211       1.284             1762.505               0.000               0.000          -48.353            27947.072              1.00000 
  1305.750          96.456    451.309       0.211       1.284             1788.238               0.000               0.000          -52.279            29735.310              1.00000 
  1306.750          96.384    459.943       0.211       1.284             1814.501               0.000               0.000          -56.458            31549.811              1.00000 
  1307.750          96.312    468.559       0.211       1.284             1841.297               0.000               0.000          -60.904            33391.108              1.00000 
  1308.750          96.240    477.144       0.211       1.284             1868.644               0.000               0.000          -65.598            35259.752              1.00000 
  1309.750          96.168    485.651       0.211       1.284             1896.552               0.000               0.000          -70.539            37156.304              1.00000 
  1310.750          96.095    494.036       0.211       1.284             1925.034               0.000               0.000          -75.706            39081.338              1.00000 
  1311.750          96.022    502.320       0.211       1.284             1954.099               0.000               0.000          -81.071            41035.437              1.00000 
  1312.750          95.948    510.589       0.211       1.284             1983.762               0.000               0.000          -86.647            43019.200              1.00000 
  1313.750          95.874    518.845       0.211       1.284             2014.028               0.000               0.000          -92.495            45033.228              1.00000 
  1314.750          95.800    527.221       0.211       1.284             2044.905               0.000               0.000          -98.624            47078.132              1.00000 
  1315.750          95.725    535.776       0.211       1.284             2076.395               0.000               0.000         -105.149            49154.527              1.00000 
  1316.750          95.650    544.531       0.211       1.284             2108.508               0.000               0.000         -112.142            51263.035              1.00000 
  1317.750          95.575    553.523       0.211       1.284             2141.254               0.000               0.000         -119.653            53404.288              1.00000 
  1318.750          95.499    562.759       0.211       1.284             2174.641               0.000               0.000         -127.755            55578.929              1.00000 
  1319.750          95.423    572.137       0.211       1.284             2208.681               0.000               0.000         -136.497            57787.610              1.00000 
  1320.750          95.347    581.660       0.211       1.284             2243.397               0.000               0.000         -145.825            60031.006              1.00000 
  1321.750          95.270    591.156       0.211       1.284             2278.801               0.000               0.000         -155.779            62309.808              1.00000 
  1322.750          95.192    600.609       0.211       1.284             2314.923               0.000               0.000         -166.204            64624.730              1.00000 
  1323.750          95.115    610.011       0.211       1.284             2351.781               0.000               0.000         -177.093            66976.511              1.00000 
  1324.750          95.037    619.362       0.211       1.284             2389.393               0.000               0.000         -188.445            69365.904              1.00000 
  1325.750          94.958    628.671       0.211       1.284             2427.776               0.000               0.000         -200.268            71793.680              1.00000 
  1326.750          94.879    637.943       0.211       1.284             2466.945               0.000               0.000         -212.582            74260.625              1.00000 
  1327.750          94.800    647.182       0.211       1.284             2506.905               0.000               0.000         -225.404            76767.530              1.00000 
  1328.750          94.720    656.389       0.211       1.284             2547.641               0.000               0.000         -238.747            79315.171              1.00000 
  1329.750          94.640    665.573       0.211       1.284             2589.169               0.000               0.000         -252.627            81904.340              1.00000 
  1330.750          94.559    674.744       0.211       1.284             2631.503               0.000               0.000         -267.065            84535.843              1.00000 
  1331.750          94.478    683.910       0.211       1.284             2674.656               0.000               0.000         -282.092            87210.499              1.00000 
  1332.750          94.397    693.096       0.211       1.284             2718.640               0.000               0.000         -297.734            89929.139              1.00000 
  1333.750          94.315    702.302       0.211       1.284             2763.466               0.000               0.000         -314.055            92692.605              1.00000 
  1334.750          94.233    711.623       0.211       1.284             2809.150               0.000               0.000         -331.077            95501.754              1.00000 
  1335.750          94.150    721.059       0.211       1.284             2855.698               0.000               0.000         -349.007            98357.452              1.00000 
  1336.750          94.067    731.102       0.211       1.284             2903.123               0.000               0.000         -367.889           101260.576              1.00000 
  1337.750          93.984    741.961       0.211       1.284             2951.389               0.000               0.000         -388.818           104211.965              1.00000 
  1338.750          93.900    753.225       0.211       1.284             3000.484               0.000               0.000         -412.437           107212.449              1.00000 
  1339.750          93.815    764.788       0.211       1.284             3050.460               0.000               0.000         -438.058           110262.909              1.00000 
  1340.750          93.731    776.455       0.211       1.284             3101.343               0.000               0.000         -465.584           113364.251              1.00000 
  1341.750          93.645    788.207       0.211       1.284             3153.165               0.000               0.000         -494.650           116517.416              1.00000 
  1342.750          93.560    800.006       0.211       1.284             3205.942               0.000               0.000         -525.285           119723.359              1.00000 
  1343.750          93.473    811.844       0.211       1.284             3259.693               0.000               0.000         -557.449           122983.051              1.00000 
  1344.750          93.387    823.719       0.211       1.284             3314.430               0.000               0.000         -591.186           126297.482              1.00000 
  1345.750          93.299    835.619       0.211       1.284             3370.167               0.000               0.000         -626.540           129667.648              1.00000 
  1346.750          93.212    847.497       0.211       1.284             3426.919               0.000               0.000         -663.539           133094.567              1.00000 
  1347.750          93.124    850.000       0.206       1.250             3484.707               0.000               0.000         -702.079           136579.274              1.00000 
  1348.750          93.035    850.000       0.199       1.206             3544.674               0.000               0.000         -710.410           140123.948              1.00000 
  1349.750          92.946    850.000       0.191       1.161             3606.034               0.000               0.000         -710.410           143729.982              1.00000 
  1350.750          92.857    850.000       0.184       1.115             3668.497               0.000               0.000         -710.410           147398.478              1.00000 
  1351.750          92.767    850.000       0.176       1.068             3732.076               0.000               0.000         -710.410           151130.555              1.00000 
  1352.750          92.676    850.000       0.169       1.020             3796.786               0.000               0.000         -710.410           154927.340              1.00000 
  1353.750          92.585    850.000       0.161       0.972             3862.638               0.000               0.000         -710.410           158789.979              1.00000 
  1354.750          92.494    850.000       0.153       0.922             3929.644               0.000               0.000         -710.410           162719.623              1.00000 
  1355.750          92.402    850.000       0.145       0.872             3997.817               0.000               0.000         -710.410           166717.439              1.00000 
  1356.750          92.309    850.000       0.136       0.820             4067.170               0.000               0.000         -710.410           170784.609              1.00000 
  1357.750          92.216    850.000       0.128       0.768             4137.717               0.000               0.000         -710.410           174922.326              1.00000 
  1358.750          92.123    850.000       0.119       0.715             4209.470               0.000               0.000         -710.410           179131.796              1.00000 
  1359.750          92.029    850.000       0.110       0.660             4282.441               0.000               0.000         -710.410           183414.237              1.00000 
  1360.750          91.934    850.000       0.101       0.605             4356.642               0.000               0.000         -710.410           187770.879              1.00000 
  1361.750          91.839    850.000       0.092       0.548             4432.085               0.000               0.000         -710.410           192202.963              1.00000 
  1362.750          91.743    850.000       0.082       0.491             4508.781               0.000               0.000         -710.410           196711.744              1.00000 
  1363.750          91.647    850.000       0.072       0.432             4586.742               0.000               0.000         -710.410           201298.486              1.00000 
  1364.750          91.551    850.000       0.062       0.373             4665.979               0.000               0.000         -710.410           205964.466              1.00000 
  1365.750          91.453    850.000       0.052       0.312             4746.503               0.000               0.000         -710.410           210710.969              1.00000 
  1366.750          91.356    850.000       0.042       0.251             4828.324               0.000               0.000         -710.410           215539.293              1.00000 
  1367.750          91.257    850.000       0.032       0.188             4911.450               0.000               0.000         -710.410           220450.743              1.00000 
  1368.750          91.158    850.000       0.021       0.124             4995.892               0.000               0.000         -710.410           225446.636              1.00000 
  1369.750          91.059    850.000       0.010       0.059             5081.658               0.000               0.000         -710.410           230528.294              1.00000 
  1370.750          90.959    850.000       0.000       0.000             5168.755               0.000               0.000         -710.410           235697.048              1.00000 
