#_______________________________________________________________________________
#    ######   ####     ##             #####   #####     ##    #    #    ## 
#    #       #        #  #            #    #  #    #   #  #   ##  ##   #  #
#    #####    ####   ######           #    #  #####   ######  # ## #  ######
#    #            #  #    #           #    #  #    #  #    #  #    #  #    #
#____######__#####___#____#___________#####___#____#__#____#__#____#__#____#____
#
#              ESA Debris Risk Assessment and Mitigation Analysis
#
#                      ---- DRAMA ( SESAM 2.3.0 ) ----
#                                      ESA 2018
#
#                              aerothermal history file
#-------------------------------------------------------------------------------
# Filename      : PySara.PAYLOAD.83963a6f-141e-4505-8936-17fa406040df_AeroThermalHistory.txt
# RunID         : PySara
# ObjectID      : 83963a6f-141e-4505-8936-17fa406040df
# ObjectName    : PAYLOAD
# ReferenceArea : 0.0081 [m^2]
# Content       : This file contains the aerothermal data of the object,
#                 computed by the DRAMA 3 Re-entry Analysis.
# Documentation : DRAMA Software User Manual, section OPERATIONS MANUAL / Normal operation / SARA / SARA Simulation Output / Re-entry simulation output
# Note          : The convective heat and the integrated heat values in this file take into account the visibility factor
#
#------------------------------------------------------------------------------------------------------------------------------------------------------------------------------------
# Time [s]   Altitude [km]   Temp [K]   Mass [kg]  Thick [mm]  Convective Heat [W]  Radiative Heat [W]  Oxidation Heat [W]  Rad Cooling [W]  Integrated Heat [J] VisibilityFactor [-]
#------------------------------------------------------------------------------------------------------------------------------------------------------------------------------------
  1370.750          90.959    300.000       0.136       1.697             2704.718               0.000               0.000           -5.483                0.000              1.00000 
  1370.850          90.949    302.266       0.136       1.697             2708.880               0.000               0.000           -5.483              270.888              1.00000 
  1371.300          90.903    312.526       0.136       1.697             2728.064               0.000               0.000           -5.651             1498.517              1.00000 
  1372.300          90.803    335.580       0.136       1.697             2771.997               0.000               0.000           -6.458             4270.514              1.00000 
  1373.300          90.701    358.764       0.136       1.697             2818.676               0.000               0.000           -8.585             7089.189              1.00000 
  1374.300          90.599    382.060       0.136       1.697             2866.003               0.000               0.000          -11.214             9955.193              1.00000 
  1375.300          90.496    405.398       0.136       1.697             2913.990               0.000               0.000          -14.423            12869.183              1.00000 
  1376.300          90.393    428.722       0.136       1.697             2962.653               0.000               0.000          -18.284            15831.836              1.00000 
  1377.300          90.290    452.060       0.136       1.697             3012.008               0.000               0.000          -22.869            18843.844              1.00000 
  1378.300          90.185    475.268       0.136       1.697             3062.061               0.000               0.000          -28.270            21905.905              1.00000 
  1379.300          90.080    497.759       0.136       1.697             3112.840               0.000               0.000          -34.538            25018.745              1.00000 
  1380.300          89.974    519.146       0.136       1.697             3164.420               0.000               0.000          -41.554            28183.164              1.00000 
  1381.300          89.868    540.401       0.136       1.697             3216.860               0.000               0.000          -49.170            31400.024              1.00000 
  1382.300          89.761    562.524       0.136       1.697             3270.066               0.000               0.000          -57.730            34670.090              1.00000 
  1383.300          89.653    585.491       0.136       1.697             3323.931               0.000               0.000          -67.780            37994.021              1.00000 
  1384.300          89.544    608.337       0.136       1.697             3378.461               0.000               0.000          -79.547            41372.482              1.00000 
  1385.300          89.435    630.530       0.136       1.697             3433.780               0.000               0.000          -92.707            44806.262              1.00000 
  1386.300          89.325    652.150       0.136       1.697             3489.963               0.000               0.000         -106.994            48296.224              1.00000 
  1387.300          89.214    673.263       0.136       1.697             3547.015               0.000               0.000         -122.441            51843.239              1.00000 
  1388.300          89.103    693.990       0.136       1.697             3604.940               0.000               0.000         -139.084            55448.179              1.00000 
  1389.300          88.990    714.536       0.136       1.697             3663.735               0.000               0.000         -157.019            59111.914              1.00000 
  1390.300          88.877    735.548       0.136       1.697             3723.383               0.000               0.000         -176.456            62835.297              1.00000 
  1391.300          88.763    759.638       0.136       1.697             3783.805               0.000               0.000         -198.146            66619.101              1.00000 
  1392.300          88.647    784.608       0.136       1.697             3844.635               0.000               0.000         -225.406            70463.736              1.00000 
  1393.300          88.531    809.679       0.136       1.697             3906.170               0.000               0.000         -256.537            74369.906              1.00000 
  1394.300          88.415    834.694       0.136       1.697             3968.521               0.000               0.000         -290.931            78338.427              1.00000 
  1395.300          88.297    850.000       0.132       1.650             4031.715               0.000               0.000         -328.586            82370.142              1.00000 
  1396.300          88.178    850.000       0.123       1.527             4096.799               0.000               0.000         -353.358            86466.941              1.00000 
  1397.300          88.058    850.000       0.113       1.404             4163.793               0.000               0.000         -353.358            90630.734              1.00000 
  1398.300          87.937    850.000       0.103       1.278             4229.943               0.000               0.000         -353.358            94860.677              1.00000 
  1399.300          87.816    850.000       0.094       1.152             4294.746               0.000               0.000         -353.358            99155.423              1.00000 
  1400.300          87.693    850.000       0.084       1.025             4357.534               0.000               0.000         -353.358           103512.958              1.00000 
  1401.300          87.569    850.000       0.073       0.897             4417.389               0.000               0.000         -353.358           107930.346              1.00000 
  1402.300          87.444    850.000       0.063       0.768             4473.010               0.000               0.000         -353.358           112403.356              1.00000 
  1403.300          87.319    850.000       0.053       0.639             4522.472               0.000               0.000         -353.358           116925.828              1.00000 
  1404.300          87.192    850.000       0.042       0.509             4562.750               0.000               0.000         -353.358           121488.578              1.00000 
  1405.300          87.064    850.000       0.032       0.380             4588.681               0.000               0.000         -353.358           126077.259              1.00000 
  1406.300          86.936    850.000       0.021       0.251             4590.294               0.000               0.000         -353.358           130667.553              1.00000 
  1407.300          86.807    850.000       0.010       0.125             4543.934               0.000               0.000         -353.358           135211.487              1.00000 
  1408.300          86.678    850.000       0.000       0.005             4363.844               0.000               0.000         -353.358           139575.331              1.00000 
  1408.500          86.654    850.000       0.000       0.000             3303.212               0.000               0.000         -353.358           140235.973              1.00000 
